195074
195096
195154
195246
195254
195318
195349
195357
195374
195442
195474
195565
195642
195659
195686
195756
195782
195795
195857
195864
195865
195874
195886
195915
195917
195926
195944
195967
195973
195979
195987
195989
195992
196012
196063
196071
196092
196124
196139
196168
196176
196211
196221
196236
196258
196258
196273
196275
196278
196284
196297
196315
196332
196337
196342
196362
196365
196365
196372
196376
196394
196472
196474
196478
196495
196522
196531
196544
196564
196589
196633
196635
196636
196638
196657
196665
196727
196728
196744
196749
196863
196866
196867
196938
197016
197018
197027
197028
197029
197039
197041
197044
197064
197097
197146
197162
197174
197175
197177
197193
197276
197286
197296
197332
197338
197363
197366
197371
197399
197423
197468
197477
197486
197488
197494
197513
197517
197543
197561
197567
197587
197594
197613
197621
197642
197674
197692
197699
197713
197715
197739
197768
197851
197878
197889
197895
197917
197926
197952
197971
197971
197977
197983
198027
198064
198095
198099
198115
198141
198146
198171
198196
198212
198234
198238
198281
198286
198294
198311
198311
198314
198319
198334
198337
198338
198348
198351
198361
198374
198389
198397
198399
198413
198526
198557
198569
198578
198586
198592
198611
198625
198639
198693
198695
198719
198729
198792
198811
198812
198854
198887
198889
198924
198964
198967
198984
198992
198995
199043
199058
199066
199066
199072
199094
199096
199121
199163
199191
199232
199255
199265
199267
199328
199355
199384
199394
199433
199442
199446
199467
199475
199484
199499
199534
199597
199619
199624
199625
199642
199642
199661
199665
199675
199688
199691
199719
199725
199748
199818
199822
199855
199867
199878
199878
199894
199897
199911
199913
199914
199958
199958
199978
199992
199994
1950102
1950102
1950108
1950114
1950116
1950128
1950129
1950316
1950318
1950425
1950427
1950427
1950529
1950619
1950624
1950711
1950727
1950728
1950914
1951111
1951114
1951213
1951224
1951224
1951310
1951312
1951318
1951422
1951426
1951710
1951716
1951723
1951728
1951729
1951812
1951822
1951824
1951828
1951916
1951917
1952109
1952120
1952120
1952129
1952215
1952320
1952424
1952517
1952528
1952717
1952722
1952816
1952910
1952910
1953117
1953215
1953520
1953524
1953615
1953712
1953816
1953818
1953818
1953826
1953828
1953918
1953923
1954107
1954113
1954119
1954223
1954228
1954229
1954329
1954417
1954420
1954518
1954623
1954710
1954916
1954919
1955110
1955110
1955110
1955114
1955129
1955215
1955227
1955316
1955418
1955621
1956123
1956128
1956220
1956310
1956313
1956519
1956524
1956625
1956710
1956812
1956819
1956827
1956918
1957112
1957112
1957115
1957228
1957316
1957510
1957523
1957612
1957710
1957823
1957913
1958101
1958117
1958119
1958122
1958224
1958420
1958513
1958521
1958610
1958718
1958820
1958825
1958828
1959101
1959113
1959118
1959124
1959313
1959419
1959524
1959619
1959822
1959915
1959919
1960104
1960110
1960127
1960424
1960514
1960517
1960529
1960616
1960616
1960710
1960723
1960915
1961106
1961115
1961312
1961313
1961418
1961423
1961618
1961715
1961727
1961810
1961815
1962114
1962117
1962224
1962224
1962316
1962323
1962515
1962527
1962712
1962721
1962829
1962921
1963125
1963213
1963319
1963320
1963414
1963420
1963529
1963618
1963622
1963723
1963821
1963912
1963918
1963920
1964113
1964212
1964310
1964420
1964425
1964515
1964616
1964724
1964825
1964829
1965111
1965115
1965118
1965224
1965225
1965510
1965628
1965821
1965822
1965912
1965924
1966126
1966213
1966321
1966511
1966710
1966715
1966720
1966812
1966815
1966919
1966925
1967109
1967113
1967113
1967124
1967126
1967328
1967410
1967412
1967525
1967613
1967623
1967815
1967917
1967927
1968119
1968222
1968416
1968619
1968629
1968729
1968812
1968923
1968924
1969102
1969105
1969112
1969113
1969118
1969119
1969217
1969315
1969328
1969516
1969615
1969627
1969724
1969812
1969918
1969920
1969927
1970415
1970510
1970512
1970516
1970520
1970616
1970619
1970824
1970825
1970827
1970912
1970913
1971117
1971125
1971212
1971216
1971512
1971513
1971624
1971717
1971815
1971826
1971912
1972103
1972104
1972108
1972211
1972223
1972313
1972314
1972411
1972411
1972515
1972610
1972619
1972711
1972713
1972715
1972716
1972915
1972925
1973115
1973227
1973228
1973313
1973418
1973814
1973827
1973927
1974109
1974112
1974114
1974126
1974219
1974713
1974714
1974725
1974728
1974825
1974912
1974924
1975102
1975108
1975113
1975118
1975129
1975320
1975324
1975415
1975426
1975427
1975510
1975529
1975613
1975618
1975718
1975913
1976212
1976225
1976414
1976710
1976715
1976816
1976823
1976923
1977105
1977110
1977123
1977211
1977226
1977325
1977413
1977420
1977424
1977622
1977629
1977715
1977716
1977815
1977829
1977916
1977918
1978111
1978112
1978118
1978120
1978321
1978420
1978428
1978428
1978710
1978724
1978726
1978814
1978923
1978929
1979111
1979125
1979212
1979517
1979719
1979723
1979922
1979927
1980102
1980111
1980111
1980123
1980219
1980327
1980420
1980421
1980425
1980427
1980625
1980627
1980920
1981116
1981127
1981216
1981316
1981319
1981322
1981323
1981414
1981416
1981523
1981524
1981614
1981617
1981624
1981625
1981710
1981722
1981726
1981918
1982128
1982219
1982329
1982418
1982525
1982713
1982816
1982822
1983117
1983117
1983213
1983420
1983510
1983510
1983625
1983710
1983720
1983724
1984111
1984217
1984227
1984228
1984310
1984310
1984322
1984412
1984418
1984516
1984529
1984619
1984627
1984717
1985115
1985325
1985411
1985518
1985525
1985723
1985810
1985914
1985926
1986117
1986126
1986127
1986215
1986215
1986216
1986326
1986425
1986515
1986616
1986923
1987110
1987115
1987119
1987414
1987625
1987714
1987724
1988102
1988103
1988109
1988121
1988213
1988220
1988229
1988512
1988815
1988821
1988922
1988928
1989111
1989113
1989213
1989217
1989220
1989227
1989228
1989326
1989421
1989425
1989610
1989817
1990106
1990127
1990128
1990328
1990421
1990611
1990617
1990620
1990719
1990719
1990916
1990926
1991101
1991111
1991113
1991115
1991513
1991628
1991717
1991725
1991728
1991820
1991926
1992108
1992112
1992120
1992128
1992214
1992216
1992220
1992317
1992317
1992627
1992627
1992713
1992722
1992811
1992822
1992827
1993226
1993316
1993329
1993410
1993423
1993426
1993614
1993711
1994102
1994115
1994213
1994613
1994616
1994722
1994723
1994814
1994821
1994923
1994928
1995125
1995229
1995417
1995824
1995824
1995928
1996107
1996113
1996126
1996219
1996519
1996622
1996716
1996911
1996912
1996922
1996924
1997104
1997114
1997229
1997312
1997316
1997525
1997616
1997621
1997710
1997811
1997926
1998114
1998126
1998411
1998616
1998620
1998811
1998818
1998821
1998922
1998927
1998928
1999106
1999113
1999218
1999218
1999219
1999222
1999225
1999225
1999227
1999325
1999420
1999427
1999514
1999528
1999618
1999711
1999721
19501019
19511016
19511018
19511025
19521023
19521023
19521025
19521110
19521117
19521126
19531015
19531029
19531128
19541025
19551114
19551118
19551120
19561011
19571014
19571113
19571114
19571128
19581116
19591110
19601016
19601020
19601128
19611025
19611124
19621011
19621019
19621028
19621127
19631016
19631119
19631126
19641027
19651011
19651012
19651020
19651021
19651024
19651116
19651117
19651124
19651124
19671012
19671020
19671126
19671126
19671127
19681011
19681013
19681017
19681125
19681128
19691022
19691027
19701025
19701127
19711016
19711117
19711128
19721129
19731023
19731116
19731118
19741015
19741020
19741116
19741116
19741126
19751010
19751011
19751129
19761010
19761025
19771015
19781015
19781027
19781115
19791111
19801020
19801022
19801025
19801112
19801122
19801126
19821025
19831013
19841020
19841114
19841125
19851029
19851122
19861018
19861019
19861026
19861119
19861129
19871013
19881010
19881018
19901018
19901024
19911010
19911016
19911018
19911126
19921012
19921018
19931013
19931113
19931119
19931123
19931124
19941012
19941026
19941114
19941126
19951010
19951120
19951126
19961013
19961023
19961115
19971025
19981011
19981115
19981124
19991017
19991125
19991126
